3.250000000000000000e+01 1.361157220139430279e+01 7.196999374739446731e-01
3.350000000000000000e+01 1.113733896464249717e+01 3.950746567106018792e-01
3.450000000000000000e+01 1.032313862666240567e+01 1.128217278894035669e+00
3.550000000000000000e+01 9.852018404601910362e+00 6.580303191279509578e-01
3.650000000000000000e+01 9.291826969841419981e+00 5.559786769893532155e-01
3.750000000000000000e+01 8.591394824513196582e+00 7.047704460415509242e-01
3.850000000000000000e+01 7.929777790216650857e+00 2.766142272820282244e-01
3.950000000000000000e+01 7.561175716535064595e+00 1.937702879957057533e-01
4.050000000000000000e+01 7.032052060688460671e+00 1.525310566118947275e-01
4.150000000000000000e+01 6.795053306103421065e+00 2.124081811722781377e-01
4.250000000000000000e+01 6.374898635236604605e+00 1.891509848490099122e-01
4.350000000000000000e+01 5.784589229019508672e+00 1.950305451438787141e-01
4.450000000000000000e+01 5.441918548361507568e+00 7.316051242031798574e-02
4.550000000000000000e+01 5.011818882321636970e+00 1.324758516965064692e-01
4.650000000000000000e+01 4.511795187701332921e+00 2.420156105780758016e-01
4.750000000000000000e+01 4.233831118286990325e+00 1.299568757813986120e-01
4.850000000000000000e+01 4.008867369069480269e+00 8.449943465550732724e-02
4.950000000000000000e+01 3.755413494035453326e+00 8.833875493073939378e-02
5.050000000000000000e+01 3.505439708304663782e+00 1.039463346930296489e-01
5.150000000000000000e+01 3.262468256357139218e+00 9.547371401255529133e-02
5.250000000000000000e+01 3.040328023743293251e+00 5.359206548885524224e-02
5.350000000000000000e+01 2.840347681520414724e+00 5.538479776717829262e-02
5.450000000000000000e+01 2.642590644600545602e+00 1.250101742570602359e-01
5.550000000000000000e+01 2.441470454491636133e+00 8.772177415205142936e-02
5.650000000000000000e+01 2.258493442077460500e+00 4.598535791196310674e-02
5.750000000000000000e+01 2.081922732792665265e+00 1.222375683713505939e-01
5.850000000000000000e+01 1.938239034073976796e+00 1.202033442397164587e-01
5.950000000000000000e+01 1.800239881553777899e+00 5.865993182945249823e-02
6.050000000000000000e+01 1.667178041365988683e+00 4.865023248407979867e-02
6.150000000000000000e+01 1.533229954975315223e+00 7.843239436818418009e-02
6.250000000000000000e+01 1.423110482803776833e+00 1.149104570983206230e-01
6.350000000000000000e+01 1.281061592085011469e+00 1.164825573412437976e-01
6.450000000000000000e+01 1.195909100824389171e+00 7.468917087261051080e-02
6.550000000000000000e+01 1.144116472625631431e+00 6.132588355389253371e-02
6.650000000000000000e+01 1.042482776436777669e+00 8.130097863763778576e-02
6.750000000000000000e+01 9.661853306683365616e-01 7.933753024327001857e-02
6.850000000000000000e+01 8.919246133341633964e-01 8.889556948232810174e-02
6.950000000000000000e+01 8.366200333529114630e-01 1.184608467014059280e-01
7.050000000000000000e+01 8.133416881458348513e-01 1.030119669257162363e-01
7.150000000000000000e+01 7.783248130942297394e-01 1.022015633193105594e-01
7.250000000000000000e+01 7.213737679784362200e-01 8.930669861182481684e-02
7.350000000000000000e+01 6.731400135374716598e-01 6.089408818343240021e-02
7.450000000000000000e+01 6.390615907474810342e-01 7.402312147160844402e-02
7.550000000000000000e+01 6.226170235415455778e-01 1.011017383621533733e-01
7.650000000000000000e+01 6.071920940997337368e-01 9.179246587595515927e-02
7.750000000000000000e+01 5.855459970865570796e-01 9.792349537156336270e-02
7.850000000000000000e+01 5.722579613305942559e-01 9.200611307437561726e-02
7.950000000000000000e+01 5.518090807760547278e-01 6.841478381403037767e-02
8.050000000000000000e+01 5.350940722106205527e-01 1.124515615475600722e-01
8.150000000000000000e+01 5.467048785619024187e-01 1.082310183510579588e-01
8.250000000000000000e+01 5.635171669187588606e-01 9.118825085675610898e-02
8.350000000000000000e+01 5.563416100480491622e-01 1.166640955355810888e-01
8.450000000000000000e+01 5.404435160316101161e-01 1.172676860148340744e-01
8.550000000000000000e+01 5.544757301255653914e-01 1.188093169779190078e-01
8.650000000000000000e+01 5.813358759706925838e-01 1.141470852599765912e-01
8.750000000000000000e+01 6.092926722479639068e-01 9.452192397027406323e-02
8.850000000000000000e+01 6.154722367001124184e-01 1.080209987076779232e-01
8.950000000000000000e+01 6.391328615898732579e-01 1.117082248422479884e-01
9.050000000000000000e+01 6.752124094368756602e-01 1.204425043164392417e-01
9.150000000000000000e+01 7.016277895685067989e-01 1.285611093928101523e-01
9.250000000000000000e+01 7.291383414354637438e-01 9.318999499247054841e-02
9.350000000000000000e+01 7.799781705996178260e-01 3.664398819238652572e-02
9.450000000000000000e+01 8.469934970627921444e-01 7.284257500217983239e-02
9.550000000000000000e+01 8.733988100342635619e-01 1.474669514973821760e-01
9.650000000000000000e+01 8.737555501064147023e-01 1.290777540175239713e-01
9.750000000000000000e+01 9.026002846705676319e-01 1.301624822950712967e-01
9.850000000000000000e+01 9.732832620364373355e-01 2.492670900888267482e-01
9.950000000000000000e+01 1.023351891907438471e+00 2.120673033510694361e-01
1.005000000000000000e+02 1.022631845934263595e+00 1.032378601947430835e-01
1.015000000000000000e+02 1.040694488308130161e+00 1.140443039921372609e-01
1.025000000000000000e+02 1.103075738665799221e+00 1.063087133377236954e-01
1.035000000000000000e+02 1.169870285709697200e+00 1.092883080572769339e-01
1.045000000000000000e+02 1.223992764450665405e+00 1.362379925780136669e-01
1.055000000000000000e+02 1.261427411726828041e+00 1.604962299604738019e-01
1.065000000000000000e+02 1.312179794918911568e+00 8.611293687300092259e-02
1.075000000000000000e+02 1.388329774655764126e+00 5.263031934664940542e-02
1.085000000000000000e+02 1.427148913510045247e+00 1.109872286517423062e-01
1.095000000000000000e+02 1.445763208894039309e+00 1.323347653104701982e-01
1.105000000000000000e+02 1.480754967280192957e+00 1.237414942829012932e-01
1.115000000000000000e+02 1.549229267676071053e+00 8.487212571847375930e-02
1.125000000000000000e+02 1.608230274992973108e+00 9.539275815155054405e-02
1.135000000000000000e+02 1.634514630547353242e+00 1.649774305754276027e-01
1.145000000000000000e+02 1.681061450784175015e+00 1.924062641624601222e-01
1.155000000000000000e+02 1.724102250181155149e+00 2.012848598074125639e-01
1.165000000000000000e+02 1.758634434490583764e+00 1.633899099873512284e-01
1.175000000000000000e+02 1.822885328161678586e+00 1.148651618359776971e-01
1.185000000000000000e+02 1.873615693426598838e+00 1.032374729604275537e-01
1.195000000000000000e+02 1.931059640904432051e+00 9.459294361054500222e-02
1.205000000000000000e+02 1.969901483418552424e+00 1.194448508465810466e-01
1.215000000000000000e+02 1.987336737616205440e+00 2.088043671675961777e-01
1.225000000000000000e+02 2.025789904855904489e+00 2.067654630720413278e-01
1.235000000000000000e+02 2.066841392178174530e+00 1.549650782000814575e-01
1.245000000000000000e+02 2.128582339222343300e+00 1.430457674094628984e-01
1.255000000000000000e+02 2.158108383074189618e+00 1.331867888506335085e-01
1.265000000000000000e+02 2.172296526394134730e+00 1.783571568553180553e-01
1.275000000000000000e+02 2.185117283826929935e+00 2.499711204033448209e-01
1.285000000000000000e+02 2.228530657523712932e+00 1.822195344640314130e-01
1.295000000000000000e+02 2.323435836614526906e+00 3.201231357688012064e-02
1.305000000000000000e+02 2.344324171958787950e+00 6.431021436604503205e-02
1.315000000000000000e+02 2.362427547863022781e+00 1.077411022130772278e-01
1.325000000000000000e+02 2.368476611466174830e+00 1.433638719888850610e-01
1.335000000000000000e+02 2.387653299991698397e+00 1.280573510257486392e-01
1.345000000000000000e+02 2.434023666952385589e+00 1.127402350456114116e-01
1.355000000000000000e+02 2.442057274224083585e+00 1.202311078988068938e-01
1.365000000000000000e+02 2.475405229754254144e+00 7.034428426318230232e-02
1.375000000000000000e+02 2.513628879668561744e+00 7.622536563295574663e-02
1.385000000000000000e+02 2.512251703670952629e+00 4.736543914512126446e-02
1.395000000000000000e+02 2.494245830728281987e+00 1.490357296700035028e-01
1.405000000000000000e+02 2.481890814659350575e+00 2.190693674238536337e-01
1.415000000000000000e+02 2.484809284480552272e+00 1.392655473294782953e-01
1.425000000000000000e+02 2.518586342933557098e+00 1.213109100072578134e-01
1.435000000000000000e+02 2.565162141298374721e+00 5.947007179833738860e-02
1.445000000000000000e+02 2.568566124052405364e+00 7.040175754874924974e-02
1.455000000000000000e+02 2.518156702517021728e+00 7.427689972078485581e-02
1.465000000000000000e+02 2.515052018318863603e+00 5.338927242282040520e-02
1.475000000000000000e+02 2.535155519356815823e+00 1.055380871651491886e-01
1.485000000000000000e+02 2.527969349464779469e+00 1.301198376572446080e-01
1.495000000000000000e+02 2.479778647606774911e+00 1.135390325863803174e-01
1.505000000000000000e+02 2.437752197336457982e+00 1.241704133750052563e-01
1.515000000000000000e+02 2.390231830585361372e+00 2.113943903779645361e-01
1.525000000000000000e+02 2.368488270905800164e+00 1.917981162009527729e-01
1.535000000000000000e+02 2.387772305484668678e+00 8.051636232489001177e-02
1.545000000000000000e+02 2.394127695656462329e+00 7.649464567970580553e-02
1.555000000000000000e+02 2.357786366295817615e+00 7.233439355933322934e-02
1.565000000000000000e+02 2.344584838726240683e+00 3.982758490847313620e-02
1.575000000000000000e+02 2.308529517079415783e+00 9.079393507230927585e-02
1.585000000000000000e+02 2.283307412157516758e+00 7.681604956362775294e-02
1.595000000000000000e+02 2.278387275308339177e+00 1.287146367054487761e-01
1.605000000000000000e+02 2.252989481539792394e+00 1.458922132297137131e-01
1.615000000000000000e+02 2.253339655661681817e+00 5.887339638679069814e-02
1.625000000000000000e+02 2.193954080126664152e+00 5.180317964823261817e-02
1.635000000000000000e+02 2.105129721122203534e+00 6.640772073820461197e-02
1.645000000000000000e+02 2.081509356749944750e+00 7.781362186406720616e-02
1.655000000000000000e+02 2.089648279761124883e+00 7.446405941661102257e-02
1.665000000000000000e+02 2.037704199912799830e+00 7.249688271457281619e-02
1.675000000000000000e+02 1.969431012741265974e+00 7.765670725081766368e-02
1.685000000000000000e+02 1.939375071736753497e+00 1.226950830477959997e-01
1.695000000000000000e+02 1.927165714367945704e+00 1.434909463024010567e-01
1.705000000000000000e+02 1.886511901481211062e+00 1.006867114051472056e-01
1.715000000000000000e+02 1.826915108134376631e+00 9.960718585499588051e-02
1.725000000000000000e+02 1.779240025476951814e+00 5.202577384703145624e-02
1.735000000000000000e+02 1.750839691553240485e+00 3.514092992880243210e-02
1.745000000000000000e+02 1.688804973928010433e+00 3.418771057235712313e-02
1.755000000000000000e+02 1.639711385658570109e+00 7.748806722002178626e-02
1.765000000000000000e+02 1.616124129958913969e+00 9.071323332090772129e-02
1.775000000000000000e+02 1.589185730592766355e+00 1.196645943024928216e-01
1.785000000000000000e+02 1.539145565830933648e+00 9.148363576289680887e-02
1.795000000000000000e+02 1.480593198429588142e+00 5.219640410982780837e-02
1.805000000000000000e+02 1.449610117794728481e+00 1.020901329242855093e-01
1.815000000000000000e+02 1.415379321931583334e+00 1.574104945604516137e-01
1.825000000000000000e+02 1.373437614499508186e+00 5.253709301156898881e-02
1.835000000000000000e+02 1.332556426323520782e+00 6.796350530756607722e-02
1.845000000000000000e+02 1.288677764375256274e+00 1.169947061779384734e-01
1.855000000000000000e+02 1.263893443193586208e+00 4.536461272598605460e-02
1.865000000000000000e+02 1.225771286357778322e+00 7.770357230144278593e-02
1.875000000000000000e+02 1.161503285082362780e+00 1.457485705606180459e-01
1.885000000000000000e+02 1.101359945596581014e+00 1.312799569897782626e-01
1.895000000000000000e+02 1.069052548819636073e+00 1.104490677862335762e-01
1.905000000000000000e+02 1.031615939472407817e+00 1.133769748669721522e-01
1.915000000000000000e+02 9.654903209397378561e-01 1.084791897449032677e-01
1.925000000000000000e+02 9.289448593672968713e-01 1.301806140779374898e-01
1.935000000000000000e+02 8.887119601070097019e-01 1.322510554524347626e-01
1.945000000000000000e+02 8.221757050204683281e-01 7.778576744946961996e-02
1.955000000000000000e+02 7.929202116838816039e-01 9.849276005056871452e-02
1.965000000000000000e+02 7.691023283584055292e-01 8.412394515048012000e-02
1.975000000000000000e+02 7.082842885892457474e-01 7.247676715767503719e-02
1.985000000000000000e+02 6.698350919986264529e-01 1.450060146304103514e-01
1.995000000000000000e+02 6.276101922734333982e-01 1.957980861188115262e-01
2.005000000000000000e+02 5.903841038220889459e-01 1.772340005915720162e-01
2.015000000000000000e+02 5.749421405328547507e-01 1.178424570039163649e-01
2.025000000000000000e+02 5.357325642592272175e-01 1.167331914715061952e-01
2.035000000000000000e+02 5.010451944260214674e-01 1.074570106430230709e-01
2.045000000000000000e+02 4.674582003323770607e-01 1.192883838317531781e-01
2.055000000000000000e+02 4.283214843390847903e-01 1.487592526796109593e-01
2.065000000000000000e+02 4.058598538045696813e-01 1.439279604324724404e-01
2.075000000000000000e+02 3.738932807095185495e-01 1.401599800686637864e-01
2.085000000000000000e+02 3.395898328334094884e-01 1.501926930546887695e-01
2.095000000000000000e+02 3.191390438796428697e-01 1.452353897962002649e-01
2.105000000000000000e+02 2.968425697346308567e-01 1.190177422594628776e-01
2.115000000000000000e+02 2.629336011696654651e-01 8.541314011847275789e-02
2.125000000000000000e+02 2.334925250712966971e-01 1.063015745944053542e-01
2.135000000000000000e+02 2.145502520547086789e-01 1.666062396966857262e-01
2.145000000000000000e+02 1.889243918570855385e-01 1.836820817261747840e-01
2.155000000000000000e+02 1.600231832878780125e-01 1.985535068410465565e-01
2.165000000000000000e+02 1.369388635471633364e-01 2.128311772468684249e-01
2.175000000000000000e+02 1.234235208312490784e-01 1.883909697160631169e-01
2.185000000000000000e+02 1.055171578752638339e-01 1.779791196739479719e-01
2.195000000000000000e+02 8.955811547212455537e-02 1.584248911691658324e-01
2.205000000000000000e+02 8.183155733218150374e-02 1.197318973403606324e-01
2.215000000000000000e+02 5.756187162720749484e-02 1.769782577918724842e-01
2.225000000000000000e+02 4.239297440577338705e-02 2.104873920563482825e-01
2.235000000000000000e+02 3.896369467433835609e-02 1.816865627513763737e-01
2.245000000000000000e+02 3.422009839477802018e-02 1.982260139773026064e-01
2.255000000000000000e+02 2.751235383427008685e-02 2.051739057543480738e-01
2.265000000000000000e+02 1.644409853035888602e-02 2.077953254981364517e-01
2.275000000000000000e+02 8.720971949873757012e-04 1.872248789018508552e-01
2.285000000000000000e+02 0.000000000000000000e+00 1.614840696687074306e-01
2.295000000000000000e+02 -3.281357137591811579e-03 1.628831567485355958e-01
2.305000000000000000e+02 6.987285877944060530e-04 1.698947291170216367e-01
2.315000000000000000e+02 1.500015944119503786e-02 1.989581159508652108e-01
2.325000000000000000e+02 1.764623198211090482e-02 2.231603646706166177e-01
2.335000000000000000e+02 2.952376581258953081e-02 2.255497336016078491e-01
2.345000000000000000e+02 3.136464452544096559e-02 1.929364809365433642e-01
2.355000000000000000e+02 3.825382636167340422e-02 2.145066274675957174e-01
2.365000000000000000e+02 5.080215628996143096e-02 2.282154237137256347e-01
2.375000000000000000e+02 7.427410979261850343e-02 2.012733219714997468e-01
2.385000000000000000e+02 8.778649423043560773e-02 1.911966858177608364e-01
2.395000000000000000e+02 9.379052349240524222e-02 1.947369850750432230e-01
2.405000000000000000e+02 1.240774901949759368e-01 2.203496554764408366e-01
2.415000000000000000e+02 1.617029591821772527e-01 2.429790250155954845e-01
2.425000000000000000e+02 2.016123722789426864e-01 2.655113611436482057e-01
2.435000000000000000e+02 2.481709748597786813e-01 2.612356574507372353e-01
2.445000000000000000e+02 2.911478750618297084e-01 2.344448052242624481e-01
2.455000000000000000e+02 3.196432765311136848e-01 2.475510650837773330e-01
2.465000000000000000e+02 3.768826118598731512e-01 2.769199817922350371e-01
2.475000000000000000e+02 4.617103176577384005e-01 2.678651186255883165e-01
2.485000000000000000e+02 5.114942562303834706e-01 2.823584366234982435e-01
2.495000000000000000e+02 5.591935947932640261e-01 2.701306329525910432e-01
2.505000000000000000e+02 6.325681868792898399e-01 2.054241281400636110e-01
2.515000000000000000e+02 7.070577356208698205e-01 2.065385907285887945e-01
2.525000000000000000e+02 8.073186742759990153e-01 2.931861230686453879e-01
2.535000000000000000e+02 9.166821870474333167e-01 2.848865450692690260e-01
2.545000000000000000e+02 1.010767428936713230e+00 2.437767864139174789e-01
2.555000000000000000e+02 1.121495020116496377e+00 2.443467489738814502e-01
2.565000000000000000e+02 1.239991616535112584e+00 2.755699203422868337e-01
2.575000000000000000e+02 1.357622045199224914e+00 2.627340939863730407e-01
2.585000000000000000e+02 1.482287015110467010e+00 1.968130917578599648e-01
2.595000000000000000e+02 1.631201769805870505e+00 2.257975781475525245e-01
2.605000000000000000e+02 1.757429477276740926e+00 2.905316604572705241e-01
2.615000000000000000e+02 1.878632670180333086e+00 2.753145011581966117e-01
2.625000000000000000e+02 2.028624675308039471e+00 2.590685028589111427e-01
2.635000000000000000e+02 2.194869834586025803e+00 3.101811472027094507e-01
2.645000000000000000e+02 2.399312145802635854e+00 3.070075431843300451e-01
2.655000000000000000e+02 2.590251793395752067e+00 2.764893991981024479e-01
2.665000000000000000e+02 2.779918946286916714e+00 1.074714050385989356e-01
2.675000000000000000e+02 3.004518913273789948e+00 1.550688225535646891e-01
2.685000000000000000e+02 3.248274116518719445e+00 2.487064979260853459e-01
2.695000000000000000e+02 3.479048042534300222e+00 1.993501573847891173e-01
2.705000000000000000e+02 3.745389284832763011e+00 2.887597758766515810e-01
2.715000000000000000e+02 4.031431029844114278e+00 3.062417130075848481e-01
2.725000000000000000e+02 4.375882523256198198e+00 3.025753265476326948e-01
2.735000000000000000e+02 4.758095550730607748e+00 1.765745343275215429e-01
2.745000000000000000e+02 5.047668583359322447e+00 1.230388360556046862e-01
2.755000000000000000e+02 5.329875143270314197e+00 7.573070169093927551e-02
2.765000000000000000e+02 5.645851586561348334e+00 9.063171409543104018e-02
2.775000000000000000e+02 5.976895832488233751e+00 2.295139313787939728e-01
2.785000000000000000e+02 6.265920422122212230e+00 1.069889628074392612e-01
2.795000000000000000e+02 6.870215716518241145e+00 4.551757105191490682e-01
2.805000000000000000e+02 7.433767064058245388e+00 3.579515784572867010e-01
2.815000000000000000e+02 7.530994654082567408e+00 4.890663566782851857e-01
2.825000000000000000e+02 7.307775242180079900e+00 4.477897432185385385e-01
2.835000000000000000e+02 8.833224842548951017e+00 2.134745314829836538e+00
2.845000000000000000e+02 9.654523268473692355e+00 3.824928562270115240e+00
2.855000000000000000e+02 9.240223140593940343e+00 1.528556442530286663e+00
2.865000000000000000e+02 1.132190779208053577e+01 1.764276622301616637e+00
2.885000000000000000e+02 1.430073582611764493e+01 1.061410286776512057e+00
2.895000000000000000e+02 1.514838456532262612e+01 1.342259347611333142e+00
